1.0	0.003872619477253192	0.20954779795656012	0.20954779795656012	0.048082311382428786	0.15430533355672724	0.39187053560508966	0.5436149673457377	0.39187053560508966	0.6869161259218319	-0.6875389648306124	-0.7618636459720638	0.7642710143094807	-0.764271014309481	-0.6342741271139087	-0.6875389648306124	0.7612709788894599	-0.6875389648306124	-0.6911091659513354	-0.7587152528485411	-0.6821699872849356	0.758715252848541	0.7651057213434692	-0.5453214658172281	-0.6686134922287734	-0.6686134922287734	0.7419633753995718	-0.7432341167327313	-0.6757049866304619	-0.6757049866304619	0.757335974666518	0.049399543010671364	0.757335974666518	-0.6757049866304619	-0.6757049866304619	-0.6757049866304619	-0.6757049866304619	0.5399534569711502	0.757335974666518	-0.6757049866304619	0.757335974666518	-0.6757049866304619	-0.6757049866304619	-0.6757049866304619	0.757335974666518	0.5399534569711502	0.757335974666518	0.5399534569711502	0.757335974666518	0.757335974666518	0.757335974666518	0.757335974666518	0.5399534569711502	-0.6757049866304619	0.757335974666518	0.757335974666518	-0.6757049866304619	0.757335974666518	0.757335974666518	0.757335974666518	-0.6821077139033372	-0.6714988210895704	0.757335974666518	-0.6757049866304619	-0.6757049866304619	0.757335974666518	-0.6757049866304619	-0.6757049866304619	0.757335974666518	0.757335974666518	-0.6757049866304619	-0.6757049866304619	-0.6757049866304619	-0.6757049866304619	-0.7294229044800195	0.757335974666518	0.757335974666518	-0.6753648438066802	0.757335974666518	-0.6757049866304619	0.757335974666518	-0.6757049866304619	-0.7212206038860663	0.5695520450341109	0.2107875384644138	-0.24066315620902248	-0.24066315620902248	-0.24066315620902248	-0.24066315620902248	-0.7097843305141188	-0.7097843305141188	-0.7097843305141188	0.6337274873374442	0.6236647106058366	0.6236647106058366	0.6236647106058366	0.6236647106058366	0.6236647106058366	0.6236647106058366	0.6236647106058366	0.048082311382428786	-0.5811748539550793	0.646251236223487	0.5865149173823593	0.6012234797060869	-0.23789274351693995	-0.23789274351693995	-0.24737020406026045	-0.23789274351693995	-0.23789274351693995	-0.23789274351693995	0.048082311382428786	-0.04073196152490925	-0.3510687169717072	-0.3748029098742745	0.18397760578672998	0.443292169884968	0.472105927565153	-0.3285741276769727	0.37248328482379695	-0.3385543265905516	-0.3668028795605651	-0.43260105648619207	-0.3668028795605651	-0.3668028795605651	0.43260105648619207	-0.39182622235032494	-0.44656894975077543	-0.4517203390967969	-0.39182622235032494	-0.3510687169717072	-0.39182622235032494	-0.39182622235032494	-0.39182622235032494	-0.39182622235032494	-0.39182622235032494	0.048082311382428786	-0.39182622235032494	0.43260105648619207	0.45662000809242226	0.4061988245671273	-0.3510687169717072	-0.39182622235032494	-0.43260105648619207	-0.3510687169717072	-0.36154517253803814	-0.43260105648619207	0.41327379272598247	-0.39182622235032494	-0.32664428272179624	0.019447232542139953	-0.32664428272179624	-0.32664428272179624	-0.32664428272179624	-0.34544282652917574	-0.3746209439449936	-0.3176150123157907	-0.45050911508376734	-0.45050911508376734	-0.45050911508376734	-0.3964087254026375	-0.3964087254026375	-0.2621573689960878	-0.3964087254026375	-0.45050911508376734	-0.3964087254026375
0.003872619477253192	1.0	-0.07262730392025628	-0.07262730392025628	-0.058880859195766286	-0.1468910885013331	-0.1435256630936931	0.03806226553689703	-0.1435256630936931	-0.03187936460005715	-0.06752778072055758	0.11212169225014529	-0.11056493168459967	0.1105649316846001	-0.03261832616622499	-0.06752778072055758	-0.10643050628374438	-0.06752778072055758	-0.05945973258547275	0.1105649316846001	-0.06752778072055758	-0.11056493168459967	-0.10218829834919972	-0.11020665728649877	-0.05945973258547275	-0.05945973258547275	-0.11797754871907848	0.1292421493352723	-0.045499629235936916	-0.045499629235936916	-0.12187459052220145	-0.07262730392025622	-0.12187459052220145	-0.045499629235936916	-0.045499629235936916	-0.045499629235936916	-0.045499629235936916	-0.22413704937846352	-0.12187459052220145	-0.045499629235936916	-0.12187459052220145	-0.045499629235936916	-0.045499629235936916	-0.045499629235936916	-0.12187459052220145	-0.22413704937846352	-0.12187459052220145	-0.22413704937846352	-0.12187459052220145	-0.12187459052220145	-0.12187459052220145	-0.12187459052220145	-0.22413704937846352	-0.045499629235936916	-0.12187459052220145	-0.12187459052220145	-0.045499629235936916	-0.12187459052220145	-0.12187459052220145	-0.12187459052220145	-0.032768712917286155	-0.04578879231009945	-0.12187459052220145	-0.045499629235936916	-0.045499629235936916	-0.12187459052220145	-0.045499629235936916	-0.045499629235936916	-0.12187459052220145	-0.12187459052220145	-0.045499629235936916	-0.045499629235936916	-0.045499629235936916	-0.045499629235936916	0.16221643390272333	-0.12187459052220145	-0.12187459052220145	-0.04505296251390777	-0.12187459052220145	-0.045499629235936916	-0.12187459052220145	-0.045499629235936916	0.01661763793998307	-0.16011119017838524	-0.08446830228799374	0.4727873215927927	0.4727873215927927	0.4727873215927927	0.4727873215927927	0.07822495774291531	0.07822495774291531	0.07822495774291531	0.012229989761755738	0.01909768272359612	0.01909768272359612	0.01909768272359612	0.01909768272359612	0.01909768272359612	0.01909768272359612	0.01909768272359612	-0.058880859195766286	-0.0933676542492998	0.02665513834425875	0.08209027054578498	-0.0018545864107877702	0.23814680374708483	0.23814680374708483	0.2186885543047721	0.23814680374708483	0.23814680374708483	0.23814680374708483	-0.058880859195766286	-0.08446830228799374	-0.06642059141172198	0.02821203891807898	-0.08446830228799349	-0.01828682271434611	0.005106083048493742	-0.0886494659355085	-0.0113509481627247	0.013066345851486213	0.038786538958710905	0.026138063825899678	0.038786538958710905	0.038786538958710905	-0.026138063825899678	0.030487492181010656	0.10814379017320472	-0.020684868257238403	0.030487492181010656	-0.06642059141172198	0.030487492181010656	0.030487492181010656	0.030487492181010656	0.030487492181010656	0.030487492181010656	-0.058880859195766286	0.030487492181010656	-0.026138063825899678	-0.003102919045664813	-0.020393368699526074	-0.06642059141172198	0.030487492181010656	0.026138063825899678	-0.06642059141172198	-0.0693816759867146	0.026138063825899678	-0.044368526178104065	0.030487492181010656	-0.05778098474710825	-0.17089380799629159	-0.05778098474710825	-0.05778098474710825	-0.05778098474710825	0.07004444672871613	0.09959431881428281	-0.04706536234743948	-0.017675833492732836	-0.017675833492732836	-0.017675833492732836	-0.10977555958698453	-0.10977555958698453	-0.06962817055378907	-0.10977555958698453	-0.017675833492732836	-0.10977555958698453
0.20954779795656012	-0.07262730392025628	1.0	1.0	-0.034745409204160846	-0.08667996778807907	0.0018979056778740755	0.13234425342294961	0.0018979056778740755	0.20352697660670024	-0.17486011612520083	-0.2294658616655231	0.22687519609905094	-0.226875196099051	-0.19180434597196905	-0.17486011612520083	0.23761857047380316	-0.17486011612520083	-0.1673633454166272	-0.22687519609905094	-0.17486011612520083	0.2268751960990509	0.14162434908904892	-0.1613562498313021	-0.16736334541662723	-0.16736334541662723	0.22333651473811644	-0.21019900151988916	-0.15751523410372098	-0.15751523410372098	0.21354319375877004	0.30476190476190496	0.21354319375877004	-0.15751523410372098	-0.15751523410372098	-0.15751523410372098	-0.15751523410372098	0.14759735574822563	0.21354319375877004	-0.15751523410372098	0.21354319375877004	-0.15751523410372098	-0.15751523410372098	-0.15751523410372098	0.21354319375877004	0.14759735574822563	0.21354319375877004	0.14759735574822563	0.21354319375877004	0.21354319375877004	0.21354319375877004	0.21354319375877004	0.14759735574822563	-0.15751523410372098	0.21354319375877004	0.21354319375877004	-0.15751523410372098	0.21354319375877004	0.21354319375877004	0.21354319375877004	-0.1520493757187369	-0.11609334345775209	0.21354319375877004	-0.15751523410372098	-0.15751523410372098	0.21354319375877004	-0.15751523410372098	-0.15751523410372098	0.21354319375877004	0.21354319375877004	-0.15751523410372098	-0.15751523410372098	-0.15751523410372098	-0.15751523410372098	-0.21170959800672204	0.21354319375877004	0.21354319375877004	-0.15730720110387478	0.21354319375877004	-0.15751523410372098	0.21354319375877004	-0.15751523410372098	-0.20368987016525977	0.11452255523602586	-0.049844478627922656	-0.1052793609515399	-0.1052793609515399	-0.1052793609515399	-0.1052793609515399	-0.19802100016298685	-0.19802100016298685	-0.19802100016298685	0.08247860988423238	0.08605786490991203	0.08605786490991203	0.08605786490991203	0.08605786490991203	0.08605786490991203	0.08605786490991203	0.08605786490991203	-0.034745409204160846	-0.05509595813706816	0.09227746306659655	0.04844120960107647	0.09217511082979425	-0.10968169942141627	-0.10968169942141627	-0.11916946545684687	-0.10968169942141627	-0.10968169942141627	-0.10968169942141627	-0.034745409204160846	0.2533760996919399	-0.054829578340799864	-0.0811342769958361	-0.04984447862792266	0.11358943554696357	0.017676756497639275	0.05251691429851983	0.12665609161594532	-0.05482957834079986	-0.08247860988423256	-0.10968169942141655	-0.08247860988423256	-0.08247860988423256	0.10968169942141655	-0.08767819450076558	-0.11804874035906503	-0.09612645034797902	-0.08767819450076558	-0.054829578340799864	-0.08767819450076558	-0.08767819450076558	-0.08767819450076558	-0.08767819450076558	-0.08767819450076558	-0.034745409204160846	-0.08767819450076558	0.10968169942141655	0.04709876229246615	0.11398467383248051	-0.054829578340799864	-0.08767819450076558	-0.10968169942141655	-0.054829578340799864	-0.055147624861855926	-0.10968169942141655	0.0760415807082065	-0.08767819450076558	-0.049750688106762385	-0.10084389681792233	-0.049750688106762385	-0.049750688106762385	-0.049750688106762385	-0.11747275667716607	-0.04337807358759066	0.07735328738234293	0.0029278466148363277	0.0029278466148363277	0.0029278466148363277	0.036450125012429654	0.036450125012429654	0.0736429251407115	0.036450125012429654	0.0029278466148363277	0.036450125012429654
0.20954779795656012	-0.07262730392025628	1.0	1.0	-0.034745409204160846	-0.08667996778807907	0.0018979056778740755	0.13234425342294961	0.0018979056778740755	0.20352697660670024	-0.17486011612520083	-0.2294658616655231	0.22687519609905094	-0.226875196099051	-0.19180434597196905	-0.17486011612520083	0.23761857047380316	-0.17486011612520083	-0.1673633454166272	-0.22687519609905094	-0.17486011612520083	0.2268751960990509	0.14162434908904892	-0.1613562498313021	-0.16736334541662723	-0.16736334541662723	0.22333651473811644	-0.21019900151988916	-0.15751523410372098	-0.15751523410372098	0.21354319375877004	0.30476190476190496	0.21354319375877004	-0.15751523410372098	-0.15751523410372098	-0.15751523410372098	-0.15751523410372098	0.14759735574822563	0.21354319375877004	-0.15751523410372098	0.21354319375877004	-0.15751523410372098	-0.15751523410372098	-0.15751523410372098	0.21354319375877004	0.14759735574822563	0.21354319375877004	0.14759735574822563	0.21354319375877004	0.21354319375877004	0.21354319375877004	0.21354319375877004	0.14759735574822563	-0.15751523410372098	0.21354319375877004	0.21354319375877004	-0.15751523410372098	0.21354319375877004	0.21354319375877004	0.21354319375877004	-0.1520493757187369	-0.11609334345775209	0.21354319375877004	-0.15751523410372098	-0.15751523410372098	0.21354319375877004	-0.15751523410372098	-0.15751523410372098	0.21354319375877004	0.21354319375877004	-0.15751523410372098	-0.15751523410372098	-0.15751523410372098	-0.15751523410372098	-0.21170959800672204	0.21354319375877004	0.21354319375877004	-0.15730720110387478	0.21354319375877004	-0.15751523410372098	0.21354319375877004	-0.15751523410372098	-0.20368987016525977	0.11452255523602586	-0.049844478627922656	-0.1052793609515399	-0.1052793609515399	-0.1052793609515399	-0.1052793609515399	-0.19802100016298685	-0.19802100016298685	-0.19802100016298685	0.08247860988423238	0.08605786490991203	0.08605786490991203	0.08605786490991203	0.08605786490991203	0.08605786490991203	0.08605786490991203	0.08605786490991203	-0.034745409204160846	-0.05509595813706816	0.09227746306659655	0.04844120960107647	0.09217511082979425	-0.10968169942141627	-0.10968169942141627	-0.11916946545684687	-0.10968169942141627	-0.10968169942141627	-0.10968169942141627	-0.034745409204160846	0.2533760996919399	-0.054829578340799864	-0.0811342769958361	-0.04984447862792266	0.11358943554696357	0.017676756497639275	0.05251691429851983	0.12665609161594532	-0.05482957834079986	-0.08247860988423256	-0.10968169942141655	-0.08247860988423256	-0.08247860988423256	0.10968169942141655	-0.08767819450076558	-0.11804874035906503	-0.09612645034797902	-0.08767819450076558	-0.054829578340799864	-0.08767819450076558	-0.08767819450076558	-0.08767819450076558	-0.08767819450076558	-0.08767819450076558	-0.034745409204160846	-0.08767819450076558	0.10968169942141655	0.04709876229246615	0.11398467383248051	-0.054829578340799864	-0.08767819450076558	-0.10968169942141655	-0.054829578340799864	-0.055147624861855926	-0.10968169942141655	0.0760415807082065	-0.08767819450076558	-0.049750688106762385	-0.10084389681792233	-0.049750688106762385	-0.049750688106762385	-0.049750688106762385	-0.11747275667716607	-0.04337807358759066	0.07735328738234293	0.0029278466148363277	0.0029278466148363277	0.0029278466148363277	0.036450125012429654	0.036450125012429654	0.0736429251407115	0.036450125012429654	0.0029278466148363277	0.036450125012429654
0.048082311382428786	-0.058880859195766286	-0.034745409204160846	-0.034745409204160846	1.0	-0.0702737221806734	-0.11078509580650404	0.10262160731753235	-0.11078509580650404	0.08017831844309586	-0.06215792125678491	-0.10169858089692409	0.10155846752236272	-0.10155846752236256	-0.07556025341951643	-0.06215792125678491	0.10792683849635797	-0.06215792125678491	-0.05769319670921505	-0.10155846752236256	-0.06215792125678491	0.1015584675223627	0.11481857245534535	-0.08619168024879938	-0.05769319670921508	-0.05769319670921508	0.09845396717161342	-0.08963325395322423	-0.050658537327287145	-0.050658537327287145	0.09262742340017385	-0.03474540920416083	0.09262742340017385	-0.050658537327287145	-0.050658537327287145	-0.050658537327287145	-0.050658537327287145	0.23310593286019116	0.09262742340017385	-0.050658537327287145	0.09262742340017385	-0.050658537327287145	-0.050658537327287145	-0.050658537327287145	0.09262742340017385	0.23310593286019116	0.09262742340017385	0.23310593286019116	0.09262742340017385	0.09262742340017385	0.09262742340017385	0.09262742340017385	0.23310593286019116	-0.050658537327287145	0.09262742340017385	0.09262742340017385	-0.050658537327287145	0.09262742340017385	0.09262742340017385	0.09262742340017385	-0.045020499330548004	-0.05132629378395001	0.09262742340017385	-0.050658537327287145	-0.050658537327287145	0.09262742340017385	-0.050658537327287145	-0.050658537327287145	0.09262742340017385	0.09262742340017385	-0.050658537327287145	-0.050658537327287145	-0.050658537327287145	-0.050658537327287145	-0.1223640865096946	0.09262742340017385	0.09262742340017385	-0.05003440996840877	0.09262742340017385	-0.050658537327287145	0.09262742340017385	-0.050658537327287145	-0.08368414734364937	0.19712012929534603	-0.040410225484888644	-0.08535273779698863	-0.08535273779698863	-0.08535273779698863	-0.08535273779698863	-0.08135514319554271	-0.08135514319554271	-0.08135514319554271	0.06686757119041997	0.06976936706906345	0.06976936706906345	0.06976936706906345	0.06976936706906345	0.06976936706906345	0.06976936706906345	0.06976936706906345	1.0	-0.04466773758924739	0.07481175833998359	0.03927255849845833	0.07639754616405059	-0.08892182900078067	-0.08892182900078067	-0.0979781211074995	-0.08892182900078067	-0.08892182900078067	-0.08892182900078067	1.0	-0.040410225484888644	-0.1458573916581115	-0.15637713858169686	-0.04041022548488858	0.09208993311814118	0.10943680275536904	-0.15167998943735875	0.10268341373256631	-0.1458573916581115	-0.16449422512843295	-0.08892182900078058	-0.16449422512843295	-0.16449422512843295	0.08892182900078058	-0.1689897991294462	-0.18643871771870243	-0.1013254379374679	-0.1689897991294462	-0.1458573916581115	-0.1689897991294462	-0.1689897991294462	-0.1689897991294462	-0.1689897991294462	-0.1689897991294462	1.0	-0.1689897991294462	0.08892182900078058	0.07029248088695639	0.09150120459792387	-0.1458573916581115	-0.1689897991294462	-0.08892182900078058	-0.1458573916581115	-0.14585846415285705	-0.08892182900078058	0.15636332066476188	-0.1689897991294462	-0.14186507169552193	0.34454647530028687	-0.14186507169552193	-0.14186507169552193	-0.14186507169552193	-0.0952382433587423	-0.20079645898076548	-0.13209620106431774	-0.17090510424876917	-0.17090510424876917	-0.17090510424876917	-0.15803399309200397	-0.15803399309200397	-0.1529011279039815	-0.15803399309200397	-0.17090510424876917	-0.15803399309200397
0.15430533355672724	-0.1468910885013331	-0.08667996778807907	-0.08667996778807907	-0.0702737221806734	1.0	0.2640391968518074	0.14025782437612988	0.2640391968518074	0.06398226454071146	-0.06995478107608664	-0.12552859007394	0.12125068934496147	-0.12125068934496146	-0.10303185342822639	-0.06995478107608664	0.13338269751269582	-0.06995478107608664	-0.06054122973620258	-0.12125068934496146	-0.06995478107608664	0.12125068934496147	0.14641680364081422	-0.16731340007814577	-0.060541229736202615	-0.060541229736202615	0.2897770659915457	-0.2667934821121582	-0.20875056631196837	-0.20875056631196837	0.27411183050043875	0.5159521892147559	0.27411183050043875	-0.20875056631196837	-0.20875056631196837	-0.20875056631196837	-0.20875056631196837	0.2783052535080332	0.27411183050043875	-0.20875056631196837	0.27411183050043875	-0.20875056631196837	-0.20875056631196837	-0.20875056631196837	0.27411183050043875	0.2783052535080332	0.27411183050043875	0.2783052535080332	0.27411183050043875	0.27411183050043875	0.27411183050043875	0.27411183050043875	0.2783052535080332	-0.20875056631196837	0.27411183050043875	0.27411183050043875	-0.20875056631196837	0.27411183050043875	0.27411183050043875	0.27411183050043875	-0.19597544201774736	-0.20980764461380294	0.27411183050043875	-0.20875056631196837	-0.20875056631196837	0.27411183050043875	-0.20875056631196837	-0.20875056631196837	0.27411183050043875	0.27411183050043875	-0.20875056631196837	-0.20875056631196837	-0.20875056631196837	-0.20875056631196837	-0.2589915479640846	0.27411183050043875	0.27411183050043875	-0.20850910513391482	0.27411183050043875	-0.20875056631196837	0.27411183050043875	-0.20875056631196837	-0.25231137417975585	0.21304464463722653	0.03060366776333024	-0.13891208793288543	-0.13891208793288543	-0.13891208793288543	-0.13891208793288543	-0.160626815357803	-0.160626815357803	-0.160626815357803	0.2972893650614519	0.3037079275880112	0.3037079275880112	0.3037079275880112	0.3037079275880112	0.3037079275880112	0.3037079275880112	0.3037079275880112	-0.0702737221806734	-0.20082497532261595	0.23086889905105296	0.31083393972459217	0.2811377534575661	-0.004951669881661544	-0.004951669881661544	-0.025626693026954278	-0.004951669881661544	-0.004951669881661544	-0.004951669881661544	-0.0702737221806734	0.16201941757057234	-0.14703436948657253	-0.14795243237559574	0.4248509171850563	0.37348889210156927	0.3238557354423112	-0.06685991520846069	0.35891400193149914	-0.14703436948657256	-0.14941918388258946	-0.36642357124295294	-0.14941918388258946	-0.14941918388258946	0.36642357124295294	-0.1598855948806274	-0.1740847263037484	-0.3090146326111192	-0.1598855948806274	-0.14703436948657253	-0.1598855948806274	-0.1598855948806274	-0.1598855948806274	-0.1598855948806274	-0.1598855948806274	-0.0702737221806734	-0.1598855948806274	0.36642357124295294	0.27102874908542574	0.37310358993110176	-0.14703436948657253	-0.1598855948806274	-0.36642357124295294	-0.14703436948657253	-0.14865685702037676	-0.36642357124295294	0.1369190258924535	-0.1598855948806274	-0.13680679307333166	0.09989880831773541	-0.13680679307333166	-0.13680679307333166	-0.13680679307333166	-0.32936100103277055	-0.1024905957413766	-0.17333087781283457	-0.19478048657643	-0.19478048657643	-0.19478048657643	-0.19369082101512475	-0.19369082101512475	-0.15413494427381966	-0.19369082101512475	-0.19478048657643	-0.19369082101512475
0.39187053560508966	-0.1435256630936931	0.0018979056778740755	0.0018979056778740755	-0.11078509580650404	0.2640391968518074	1.0	0.5448912891345669	1.0	0.6072406285568214	-0.40099866596409117	-0.5194698412354243	0.5209054789438009	-0.5209054789438009	-0.41506718229680994	-0.40099866596409117	0.5077573482396629	-0.40099866596409117	-0.3802674158341818	-0.48040909985658314	-0.3618637694194673	0.48040909985658314	0.5374113189874757	-0.38285591931798263	-0.3802674158341818	-0.3802674158341818	0.46843114548979026	-0.4716533735888155	-0.38860906777059245	-0.38860906777059245	0.48301176047665456	0.001897905677874074	0.48301176047665456	-0.38860906777059245	-0.38860906777059245	-0.38860906777059245	-0.38860906777059245	0.8052345161658895	0.48301176047665456	-0.38860906777059245	0.48301176047665456	-0.38860906777059245	-0.38860906777059245	-0.38860906777059245	0.48301176047665456	0.8052345161658895	0.48301176047665456	0.8052345161658895	0.48301176047665456	0.48301176047665456	0.48301176047665456	0.48301176047665456	0.8052345161658895	-0.38860906777059245	0.48301176047665456	0.48301176047665456	-0.38860906777059245	0.48301176047665456	0.48301176047665456	0.48301176047665456	-0.3694015715827926	-0.39353673171675346	0.48301176047665456	-0.38860906777059245	-0.38860906777059245	0.48301176047665456	-0.38860906777059245	-0.38860906777059245	0.48301176047665456	0.48301176047665456	-0.38860906777059245	-0.38860906777059245	-0.38860906777059245	-0.38860906777059245	-0.47430693059861634	0.48301176047665456	0.48301176047665456	-0.3887979809434166	0.48301176047665456	-0.38860906777059245	0.48301176047665456	-0.38860906777059245	-0.4492473639842223	0.7239861496099139	0.4453300601859338	0.00466224026130063	0.00466224026130063	0.00466224026130063	0.00466224026130063	-0.43674441082693444	-0.43674441082693444	-0.43674441082693444	0.42296195265059716	0.4333681650294582	0.4333681650294582	0.4333681650294582	0.4333681650294582	0.4333681650294582	0.4333681650294582	0.4333681650294582	-0.11078509580650404	-0.3811866843751192	0.4569403213995497	0.3893525459649437	0.3948054869396923	-0.017303758857546057	-0.017303758857546057	-0.052664328753411406	-0.017303758857546057	-0.017303758857546057	-0.017303758857546057	-0.11078509580650404	0.08277510412377981	-0.02526740092926239	0.008541820804584335	0.32447840816521595	0.22998291458711692	0.1966265637504517	-0.023547545397711735	0.21486391424038734	-0.07511930005996943	-0.11899914004625592	-0.2167523477945234	-0.11899914004625592	-0.11899914004625592	0.2167523477945234	-0.08703292499316316	-0.019553050873601128	-0.19463728570432978	-0.08703292499316316	-0.02526740092926239	-0.08703292499316316	-0.08703292499316316	-0.08703292499316316	-0.08703292499316316	-0.08703292499316316	-0.11078509580650404	-0.08703292499316316	0.2167523477945234	0.2075613732308918	0.2266712041933576	-0.02526740092926239	-0.08703292499316316	-0.2167523477945234	-0.02526740092926239	-0.028629519989095478	-0.2167523477945234	0.07266885871507184	-0.08703292499316316	-0.05880218512598333	0.1674681788059676	-0.05880218512598333	-0.05880218512598333	-0.05880218512598333	-0.036993552195597135	-0.01617336862054497	-0.08855408613337361	-0.03325730863473912	-0.03325730863473912	-0.03325730863473912	-0.11432565040712662	-0.11432565040712662	-0.13100630070608357	-0.11432565040712662	-0.03325730863473912	-0.11432565040712662
0.5436149673457377	0.03806226553689703	0.13234425342294961	0.13234425342294961	0.10262160731753235	0.14025782437612988	0.5448912891345669	1.0	0.5448912891345669	0.8226614691228916	-0.7141393048046981	-0.795182876625955	0.7951200503515782	-0.7951200503515781	-0.6412003892029576	-0.7141393048046981	0.8333406443390446	-0.7141393048046981	-0.7113449060015479	-0.8226399893938243	-0.7407340273850337	0.8226399893938244	0.8160138645016768	-0.40462551700546034	-0.7374007221785749	-0.7374007221785749	0.7835716763570599	-0.7904000669828973	-0.7270674260557562	-0.7270674260557562	0.8024725538181008	0.039153157710151126	0.8024725538181008	-0.7270674260557562	-0.7270674260557562	-0.7270674260557562	-0.7270674260557562	0.5720186425074019	0.8024725538181008	-0.7270674260557562	0.8024725538181008	-0.7270674260557562	-0.7270674260557562	-0.7270674260557562	0.8024725538181008	0.5720186425074019	0.8024725538181008	0.5720186425074019	0.8024725538181008	0.8024725538181008	0.8024725538181008	0.8024725538181008	0.5720186425074019	-0.7270674260557562	0.8024725538181008	0.8024725538181008	-0.7270674260557562	0.8024725538181008	0.8024725538181008	0.8024725538181008	-0.6919966286904955	-0.7143433741267875	0.8024725538181008	-0.7270674260557562	-0.7270674260557562	0.8024725538181008	-0.7270674260557562	-0.7270674260557562	0.8024725538181008	0.8024725538181008	-0.7270674260557562	-0.7270674260557562	-0.7270674260557562	-0.7270674260557562	-0.7920226597334677	0.8024725538181008	0.8024725538181008	-0.7273094008615342	0.8024725538181008	-0.7270674260557562	0.8024725538181008	-0.7270674260557562	-0.7672187218525506	0.6248335968534552	0.31147036973880465	-0.10489650368419089	-0.10489650368419089	-0.10489650368419089	-0.10489650368419089	-0.7723207234431361	-0.7723207234431361	-0.7723207234431361	0.5817599379821858	0.6200141896883327	0.6200141896883327	0.6200141896883327	0.6200141896883327	0.6200141896883327	0.6200141896883327	0.6200141896883327	0.10262160731753235	-0.6022692444884824	0.6498603087337387	0.5855740788594193	0.5966446225928796	-0.08174487915692956	-0.08174487915692956	-0.07578494456307046	-0.08174487915692956	-0.08174487915692956	-0.08174487915692956	0.10262160731753235	0.15475940050305323	-0.10850406307700747	-0.09310408318272786	0.1497312410623331	0.4232194432716007	0.3716470451494187	-0.05765381622498196	0.386621391736353	-0.14238169006836202	-0.17983922684486056	-0.40906542046592664	-0.17983922684486056	-0.17983922684486056	0.40906542046592664	-0.16536338012005813	-0.13551125564859332	-0.33648237846802503	-0.16536338012005813	-0.10850406307700747	-0.16536338012005813	-0.16536338012005813	-0.16536338012005813	-0.16536338012005813	-0.16536338012005813	0.10262160731753235	-0.16536338012005813	0.40906542046592664	0.33157781881751547	0.39150529497296854	-0.10850406307700747	-0.16536338012005813	-0.40906542046592664	-0.10850406307700747	-0.11226719437191315	-0.40906542046592664	0.1546851563844541	-0.16536338012005813	-0.12418492360325899	0.1583324334954073	-0.12418492360325899	-0.12418492360325899	-0.12418492360325899	-0.3789809553394181	-0.23258319430745414	-0.10151164114701831	-0.15622516382927804	-0.15622516382927804	-0.15622516382927804	-0.20475006565641138	-0.20475006565641138	-0.18513360534462633	-0.20475006565641138	-0.15622516382927804	-0.20475006565641138
0.39187053560508966	-0.1435256630936931	0.0018979056778740755	0.0018979056778740755	-0.11078509580650404	0.2640391968518074	1.0	0.5448912891345669	1.0	0.6072406285568214	-0.40099866596409117	-0.5194698412354243	0.5209054789438009	-0.5209054789438009	-0.41506718229680994	-0.40099866596409117	0.5077573482396629	-0.40099866596409117	-0.3802674158341818	-0.48040909985658314	-0.3618637694194673	0.48040909985658314	0.5374113189874757	-0.38285591931798263	-0.3802674158341818	-0.3802674158341818	0.46843114548979026	-0.4716533735888155	-0.38860906777059245	-0.38860906777059245	0.48301176047665456	0.001897905677874074	0.48301176047665456	-0.38860906777059245	-0.38860906777059245	-0.38860906777059245	-0.38860906777059245	0.8052345161658895	0.48301176047665456	-0.38860906777059245	0.48301176047665456	-0.38860906777059245	-0.38860906777059245	-0.38860906777059245	0.48301176047665456	0.8052345161658895	0.48301176047665456	0.8052345161658895	0.48301176047665456	0.48301176047665456	0.48301176047665456	0.48301176047665456	0.8052345161658895	-0.38860906777059245	0.48301176047665456	0.48301176047665456	-0.38860906777059245	0.48301176047665456	0.48301176047665456	0.48301176047665456	-0.3694015715827926	-0.39353673171675346	0.48301176047665456	-0.38860906777059245	-0.38860906777059245	0.48301176047665456	-0.38860906777059245	-0.38860906777059245	0.48301176047665456	0.48301176047665456	-0.38860906777059245	-0.38860906777059245	-0.38860906777059245	-0.38860906777059245	-0.47430693059861634	0.48301176047665456	0.48301176047665456	-0.3887979809434166	0.48301176047665456	-0.38860906777059245	0.48301176047665456	-0.38860906777059245	-0.4492473639842223	0.7239861496099139	0.4453300601859338	0.00466224026130063	0.00466224026130063	0.00466224026130063	0.00466224026130063	-0.43674441082693444	-0.43674441082693444	-0.43674441082693444	0.42296195265059716	0.4333681650294582	0.4333681650294582	0.4333681650294582	0.4333681650294582	0.4333681650294582	0.4333681650294582	0.4333681650294582	-0.11078509580650404	-0.3811866843751192	0.4569403213995497	0.3893525459649437	0.3948054869396923	-0.017303758857546057	-0.017303758857546057	-0.052664328753411406	-0.017303758857546057	-0.017303758857546057	-0.017303758857546057	-0.11078509580650404	0.08277510412377981	-0.02526740092926239	0.008541820804584335	0.32447840816521595	0.22998291458711692	0.1966265637504517	-0.023547545397711735	0.21486391424038734	-0.07511930005996943	-0.11899914004625592	-0.2167523477945234	-0.11899914004625592	-0.11899914004625592	0.2167523477945234	-0.08703292499316316	-0.019553050873601128	-0.19463728570432978	-0.08703292499316316	-0.02526740092926239	-0.08703292499316316	-0.08703292499316316	-0.08703292499316316	-0.08703292499316316	-0.08703292499316316	-0.11078509580650404	-0.08703292499316316	0.2167523477945234	0.2075613732308918	0.2266712041933576	-0.02526740092926239	-0.08703292499316316	-0.2167523477945234	-0.02526740092926239	-0.028629519989095478	-0.2167523477945234	0.07266885871507184	-0.08703292499316316	-0.05880218512598333	0.1674681788059676	-0.05880218512598333	-0.05880218512598333	-0.05880218512598333	-0.036993552195597135	-0.01617336862054497	-0.08855408613337361	-0.03325730863473912	-0.03325730863473912	-0.03325730863473912	-0.11432565040712662	-0.11432565040712662	-0.13100630070608357	-0.11432565040712662	-0.03325730863473912	-0.11432565040712662
0.6869161259218319	-0.03187936460005715	0.20352697660670024	0.20352697660670024	0.08017831844309586	0.06398226454071146	0.6072406285568214	0.8226614691228916	0.6072406285568214	1.0	-0.7392666504867748	-0.9027833094934029	0.9036546547825455	-0.9036546547825455	-0.6752936453937025	-0.7392666504867748	0.887980061022729	-0.7392666504867748	-0.7334093969098235	-0.8730719984083564	-0.7097121786984207	0.8730719984083564	0.8725336403119	-0.5995946693464094	-0.7044538068749847	-0.7044538068749847	0.823891983295376	-0.8245371578204462	-0.6852987406220696	-0.6852987406220696	0.8421186868873971	-0.0057331542706113	0.8421186868873971	-0.6852987406220696	-0.6852987406220696	-0.6852987406220696	-0.6852987406220696	0.6421492028307688	0.8421186868873971	-0.6852987406220696	0.8421186868873971	-0.6852987406220696	-0.6852987406220696	-0.6852987406220696	0.8421186868873971	0.6421492028307688	0.8421186868873971	0.6421492028307688	0.8421186868873971	0.8421186868873971	0.8421186868873971	0.8421186868873971	0.6421492028307688	-0.6852987406220696	0.8421186868873971	0.8421186868873971	-0.6852987406220696	0.8421186868873971	0.8421186868873971	0.8421186868873971	-0.6562365089848738	-0.6685882535548018	0.8421186868873971	-0.6852987406220696	-0.6852987406220696	0.8421186868873971	-0.6852987406220696	-0.6852987406220696	0.8421186868873971	0.8421186868873971	-0.6852987406220696	-0.6852987406220696	-0.6852987406220696	-0.6852987406220696	-0.8292388473208359	0.8421186868873971	0.8421186868873971	-0.6856491688748075	0.8421186868873971	-0.6852987406220696	0.8421186868873971	-0.6852987406220696	-0.789971349270816	0.6777374093026663	0.2975539365394396	-0.1168938723896135	-0.1168938723896135	-0.1168938723896135	-0.1168938723896135	-0.7973842554013303	-0.7973842554013303	-0.7973842554013303	0.6553875559657271	0.6718232064162232	0.6718232064162232	0.6718232064162232	0.6718232064162232	0.6718232064162232	0.6718232064162232	0.6718232064162232	0.08017831844309586	-0.586796008356913	0.7086743750076522	0.5682285897754019	0.6511528055617131	-0.09835170711706819	-0.09835170711706819	-0.10227438265475677	-0.09835170711706819	-0.09835170711706819	-0.09835170711706819	0.08017831844309586	0.11502084941860712	-0.1872080347806941	-0.09307494790831286	0.11502084941860696	0.4699896291894799	0.4299961694911968	-0.1452277083108234	0.4213002113757608	-0.22485593158232128	-0.3291832951555136	-0.4498043108710696	-0.3291832951555136	-0.3291832951555136	0.4498043108710696	-0.3186754692852081	-0.21042067350546395	-0.4493854278032814	-0.3186754692852081	-0.1872080347806941	-0.3186754692852081	-0.3186754692852081	-0.3186754692852081	-0.3186754692852081	-0.3186754692852081	0.08017831844309586	-0.3186754692852081	0.4498043108710696	0.47763914588770723	0.43352856451637145	-0.1872080347806941	-0.3186754692852081	-0.4498043108710696	-0.1872080347806941	-0.19274403278991048	-0.4498043108710696	0.3281849858714031	-0.3186754692852081	-0.1993156178534049	0.07443727827974432	-0.1993156178534049	-0.1993156178534049	-0.1993156178534049	-0.334375033257298	-0.22785510540689718	-0.16644590935041476	-0.18902904884850597	-0.18902904884850597	-0.18902904884850597	-0.28143371876139517	-0.28143371876139517	-0.2357146604912938	-0.28143371876139517	-0.18902904884850597	-0.28143371876139517
-0.6875389648306124	-0.06752778072055758	-0.17486011612520083	-0.17486011612520083	-0.06215792125678491	-0.06995478107608664	-0.40099866596409117	-0.7141393048046981	-0.40099866596409117	-0.7392666504867748	1.0	0.8656587964330982	-0.8665182389890135	0.8665182389890135	0.9473566836071547	1.0	-0.8539509175993013	1.0	0.9868089052512227	0.8378177710007204	0.9722644376899694	-0.8378177710007204	-0.8417531846347113	0.38506775177297603	0.9596353669323472	0.9596353669323472	-0.7901402290366197	0.7872857134256104	0.9350832072288364	0.9350832072288364	-0.8052747182618029	0.021521245061563114	-0.8052747182618029	0.9350832072288364	0.9350832072288364	0.9350832072288364	0.9350832072288364	-0.5923411153406118	-0.8052747182618029	0.9350832072288364	-0.8052747182618029	0.9350832072288364	0.9350832072288364	0.9350832072288364	-0.8052747182618029	-0.5923411153406118	-0.8052747182618029	-0.5923411153406118	-0.8052747182618029	-0.8052747182618029	-0.8052747182618029	-0.8052747182618029	-0.5923411153406118	0.9350832072288364	-0.8052747182618029	-0.8052747182618029	0.9350832072288364	-0.8052747182618029	-0.8052747182618029	-0.8052747182618029	0.9093948102969146	0.924906284370165	-0.8052747182618029	0.9350832072288364	0.9350832072288364	-0.8052747182618029	0.9350832072288364	0.9350832072288364	-0.8052747182618029	-0.8052747182618029	0.9350832072288364	0.9350832072288364	0.9350832072288364	0.9350832072288364	0.7881788990642276	-0.8052747182618029	-0.8052747182618029	0.9348189396256534	-0.8052747182618029	0.9350832072288364	-0.8052747182618029	0.9350832072288364	0.8086074825547139	-0.6186079633234962	-0.2604686690953117	0.10110877811571664	0.10110877811571664	0.10110877811571664	0.10110877811571664	0.786103218117073	0.786103218117073	0.786103218117073	-0.6744606326748986	-0.6910545143250393	-0.6910545143250393	-0.6910545143250393	-0.6910545143250393	-0.6910545143250393	-0.6910545143250393	-0.6910545143250393	-0.06215792125678491	0.7753443713654656	-0.7286429815600974	-0.7457241131580249	-0.6756393256478155	0.18072476542005217	0.18072476542005217	0.11749082151333108	0.18072476542005217	0.18072476542005217	0.18072476542005217	-0.06215792125678491	-0.08916945428488128	0.34943695331517866	0.41251864298088103	-0.1748190616900964	-0.5150742868054428	-0.4875070275250858	0.3082744790341863	-0.4765557698576969	0.34943695331517866	0.2832967631546376	0.4948416196025235	0.2832967631546376	0.2832967631546376	-0.4948416196025235	0.2752312408940613	0.34730553547533594	0.4563454106182522	0.2752312408940613	0.34943695331517866	0.2752312408940613	0.2752312408940613	0.2752312408940613	0.2752312408940613	0.2752312408940613	-0.06215792125678491	0.2752312408940613	-0.4948416196025235	-0.3921827831405251	-0.4813470044595311	0.34943695331517866	0.2752312408940613	0.4948416196025235	0.34943695331517866	0.35296864931232746	0.4948416196025235	-0.2812933337740892	0.2752312408940613	0.35907569263067457	-0.18040504173671126	0.35907569263067457	0.35907569263067457	0.35907569263067457	0.35803895336138436	0.2782581743312258	0.28544076280872566	0.43790609537124064	0.43790609537124064	0.43790609537124064	0.4028843526666665	0.4028843526666665	0.2922377814357855	0.4028843526666665	0.43790609537124064	0.4028843526666665
-0.7618636459720638	0.11212169225014529	-0.2294658616655231	-0.2294658616655231	-0.10169858089692409	-0.12552859007394	-0.5194698412354243	-0.795182876625955	-0.5194698412354243	-0.9027833094934029	0.8656587964330982	1.0	-0.999809667131272	0.999809667131272	0.79321772345555	0.8656587964330982	-0.9853103010311096	0.8656587964330982	0.8596890327835405	0.9702982905522634	0.8371395881645869	-0.9702982905522631	-0.9702895861328715	0.5580853369701456	0.8320299634425073	0.8320299634425073	-0.9258397379551754	0.9290063462173971	0.8168826518235345	0.8168826518235345	-0.9429390916096524	-0.02345651030358684	-0.9429390916096524	0.8168826518235345	0.8168826518235345	0.8168826518235345	0.8168826518235345	-0.7139080743027801	-0.9429390916096524	0.8168826518235345	-0.9429390916096524	0.8168826518235345	0.8168826518235345	0.8168826518235345	-0.9429390916096524	-0.7139080743027801	-0.9429390916096524	-0.7139080743027801	-0.9429390916096524	-0.9429390916096524	-0.9429390916096524	-0.9429390916096524	-0.7139080743027801	0.8168826518235345	-0.9429390916096524	-0.9429390916096524	0.8168826518235345	-0.9429390916096524	-0.9429390916096524	-0.9429390916096524	0.7962638095528752	0.803538264218502	-0.9429390916096524	0.8168826518235345	0.8168826518235345	-0.9429390916096524	0.8168826518235345	0.8168826518235345	-0.9429390916096524	-0.9429390916096524	0.8168826518235345	0.8168826518235345	0.8168826518235345	0.8168826518235345	0.9381884985780073	-0.9429390916096524	-0.9429390916096524	0.8169443461103983	-0.9429390916096524	0.8168826518235345	-0.9429390916096524	0.8168826518235345	0.9019531973239737	-0.7554341367767241	-0.32203215784602035	0.39332834347701306	0.39332834347701306	0.39332834347701306	0.39332834347701306	0.9055063014392241	0.9055063014392241	0.9055063014392241	-0.7545595992382248	-0.7670745340863326	-0.7670745340863326	-0.7670745340863326	-0.7670745340863326	-0.7670745340863326	-0.7670745340863326	-0.7670745340863326	-0.10169858089692409	0.7110135138805225	-0.8027926444401353	-0.6890439351663227	-0.7456036427319985	0.36410004197788665	0.36410004197788665	0.359857306045712	0.36410004197788665	0.36410004197788665	0.36410004197788665	-0.10169858089692409	-0.0569338621606223	0.24072634786101307	0.3176926284745528	-0.14589302178659502	-0.5429839489673203	-0.5337975204116078	0.22248861488101618	-0.4986955477742236	0.2774224374739724	0.3568186633931825	0.5269010464106519	0.3568186633931825	0.3568186633931825	-0.5269010464106519	0.343316254266749	0.4074715333691255	0.46447496276095696	0.343316254266749	0.24072634786101307	0.343316254266749	0.343316254266749	0.343316254266749	0.343316254266749	0.343316254266749	-0.10169858089692409	0.343316254266749	-0.5269010464106519	-0.4599612049027965	-0.5086127472873454	0.24072634786101307	0.343316254266749	0.5269010464106519	0.24072634786101307	0.24350529924149847	0.5269010464106519	-0.357121778650829	0.343316254266749	0.25608770734738073	-0.14141252691520573	0.25608770734738073	0.25608770734738073	0.25608770734738073	0.40192153623650195	0.3814976182905411	0.2245304307798857	0.38312843994881834	0.38312843994881834	0.38312843994881834	0.34246580374035523	0.34246580374035523	0.2519668077939088	0.34246580374035523	0.38312843994881834	0.34246580374035523
